[[-0.55388079 -0.55388079 -0.55388079 -0.55388079 -0.55388079 -0.55388079
  -0.55388079 -0.55388079 -0.55388079 -0.55388079 -0.55388079 -0.55388079
  -0.55388079 -0.55388079 -0.55388079 -0.55388079 -0.55388079 -0.55388079
  -0.55388079 -0.55388079 -0.55388079 -0.55388079 -0.55388079 -0.55388079
  -0.55388079 -0.55388079 -0.55388079 -0.55388079]
 [-0.55388079 -0.55388079 -0.55388079 -0.55388079 -0.55388079 -0.55388079
  -0.55388079 -0.55388079 -0.55388079 -0.55388079 -0.55388079 -0.55388079
  -0.55388079 -0.55388079 -0.55388079 -0.55388079 -0.55388079 -0.55388079
  -0.55388079 -0.55388079 -0.55388079 -0.55388079 -0.55388079 -0.55388079
  -0.55388079 -0.55388079 -0.55388079 -0.55388079]
 [-0.55388079 -0.55388079 -0.55388079 -0.55388079 -0.55388079 -0.55388079
  -0.55388079 -0.55388079 -0.55388079 -0.55388079 -0.55388079 -0.55388079
  -0.55388079 -0.55388079 -0.55388079 -0.55388079 -0.55388079 -0.55388079
  -0.55388079 -0.55388079 -0.55388079 -0.55388079 -0.55388079 -0.55388079
  -0.55388079 -0.55388079 -0.55388079 -0.55388079]
 [-0.55388079 -0.55388079 -0.55388079 -0.55388079 -0.55388079 -0.55388079
  -0.55388079 -0.55388079 -0.55388079 -0.55388079 -0.55388079 -0.55388079
  -0.55388079 -0.55388079 -0.55388079 -0.55388079 -0.55388079 -0.55388079
  -0.55388079 -0.55388079 -0.55388079 -0.55388079 -0.55388079 -0.55388079
  -0.55388079 -0.55388079 -0.55388079 -0.55388079]
 [-0.55388079 -0.55388079 -0.55388079 -0.55388079 -0.55388079 -0.55388079
  -0.55388079 -0.55388079 -0.55388079 -0.55388079 -0.55388079 -0.55388079
  -0.55388079 -0.55388079 -0.55388079 -0.55388079 -0.55388079 -0.55388079
  -0.55388079 -0.55388079 -0.55388079 -0.55388079 -0.55388079 -0.55388079
  -0.55388079 -0.55388079 -0.55388079 -0.55388079]
 [-0.55388079 -0.55388079 -0.55388079 -0.55388079 -0.55388079 -0.55388079
  -0.55388079 -0.55388079 -0.55388079 -0.55388079 -0.55388079 -0.55388079
   1.5314038   2.05529303  2.03474836  2.03474836  2.03474836  1.64439952
  -0.02999156 -0.34843403 -0.55388079 -0.55388079 -0.55388079 -0.55388079
  -0.55388079 -0.55388079 -0.55388079 -0.55388079]
 [-0.55388079 -0.55388079 -0.55388079 -0.55388079 -0.55388079 -0.55388079
  -0.55388079 -0.55388079 -0.55388079 -0.55388079 -0.55388079  0.08300416
   1.71630588  2.03474836  2.01420368  2.01420368  2.01420368  2.03474836
   2.01420368  1.08969327 -0.34843403 -0.55388079 -0.55388079 -0.55388079
  -0.55388079 -0.55388079 -0.55388079 -0.55388079]
 [-0.55388079 -0.55388079 -0.55388079 -0.55388079 -0.55388079 -0.55388079
  -0.55388079 -0.55388079 -0.55388079 -0.55388079  0.08300416  1.6135825
   2.01420368  2.03474836  2.01420368  2.01420368  2.01420368  2.03474836
   2.01420368  2.01420368 -0.05053623 -0.55388079 -0.55388079 -0.55388079
  -0.55388079 -0.55388079 -0.55388079 -0.55388079]
 [-0.55388079 -0.55388079 -0.55388079 -0.55388079 -0.55388079 -0.55388079
  -0.55388079 -0.55388079 -0.55388079 -0.13271494  1.71630588  2.01420368
   2.01420368  2.03474836  2.01420368  2.01420368  2.01420368  2.03474836
   2.01420368  0.76097846 -0.45115741 -0.55388079 -0.55388079 -0.55388079
  -0.55388079 -0.55388079 -0.55388079 -0.55388079]
 [-0.55388079 -0.55388079 -0.55388079 -0.55388079 -0.55388079 -0.55388079
  -0.55388079 -0.55388079 -0.55388079  2.05529303  2.03474836  2.03474836
   2.03474836  2.05529303  2.03474836  2.03474836  2.03474836  2.05529303
   2.03474836  2.03474836  0.37062962 -0.55388079 -0.55388079 -0.55388079
  -0.55388079 -0.55388079 -0.55388079 -0.55388079]
 [-0.55388079 -0.55388079 -0.55388079 -0.55388079 -0.55388079 -0.55388079
  -0.55388079 -0.55388079 -0.55388079  0.98696989  1.39786341  2.01420368
   2.01420368  2.03474836  2.01420368  2.01420368  1.18214431  1.20268899
   2.01420368  2.01420368  2.01420368  0.28845092 -0.55388079 -0.55388079
  -0.55388079 -0.55388079 -0.55388079 -0.55388079]
 [-0.55388079 -0.55388079 -0.55388079 -0.55388079 -0.55388079 -0.55388079
  -0.55388079 -0.55388079 -0.55388079 -0.23543832  1.40813575  2.01420368
   2.01420368  2.03474836  1.38759107  0.473353   -0.34843403  1.21296133
   2.01420368  2.01420368  2.01420368  0.26790624 -0.55388079 -0.55388079
  -0.55388079 -0.55388079 -0.55388079 -0.55388079]
 [-0.55388079 -0.55388079 -0.55388079 -0.55388079 -0.55388079 -0.55388079
  -0.55388079 -0.55388079 -0.55388079  1.63412718  2.01420368  2.01420368
   2.01420368  1.62385484 -0.25598299 -0.55388079 -0.55388079  2.03474836
   2.01420368  2.01420368  2.01420368 -0.55388079 -0.55388079 -0.55388079
  -0.55388079 -0.55388079 -0.55388079 -0.55388079]
 [-0.55388079 -0.55388079 -0.55388079 -0.55388079 -0.55388079 -0.55388079
  -0.55388079 -0.55388079 -0.55388079  0.3911743   2.03474836  2.03474836
   2.03474836 -0.55388079 -0.55388079 -0.55388079 -0.55388079 -0.02999156
   2.03474836  2.03474836  2.03474836  1.5314038  -0.55388079 -0.55388079
  -0.55388079 -0.55388079 -0.55388079 -0.55388079]
 [-0.55388079 -0.55388079 -0.55388079 -0.55388079 -0.55388079 -0.55388079
  -0.55388079 -0.55388079  0.28845092  2.03474836  2.01420368  2.01420368
   1.18214431 -0.55388079 -0.55388079 -0.55388079 -0.55388079  0.80206781
   2.01420368  2.01420368  2.01420368  0.68907209 -0.55388079 -0.55388079
  -0.55388079 -0.55388079 -0.55388079 -0.55388079]
 [-0.55388079 -0.55388079 -0.55388079 -0.55388079 -0.55388079 -0.55388079
  -0.55388079  0.3911743   1.81902926  2.03474836  2.01420368  1.07942093
  -0.34843403 -0.55388079 -0.55388079 -0.55388079 -0.55388079  2.03474836
   2.01420368  2.01420368  2.01420368 -0.55388079 -0.55388079 -0.55388079
  -0.55388079 -0.55388079 -0.55388079 -0.55388079]
 [-0.55388079 -0.55388079 -0.55388079 -0.55388079 -0.55388079 -0.55388079
  -0.55388079 -0.24571065  1.6135825   2.03474836  2.01420368  1.71630588
  -0.14298727 -0.55388079 -0.55388079 -0.55388079 -0.55388079  0.37062962
   2.01420368  2.01420368  2.01420368  1.12051029 -0.55388079 -0.55388079
  -0.55388079 -0.55388079 -0.55388079 -0.55388079]
 [-0.55388079 -0.55388079 -0.55388079 -0.55388079 -0.55388079 -0.55388079
  -0.55388079 -0.23543832  1.63412718  2.05529303  1.8293016   0.26790624
  -0.55388079 -0.55388079 -0.55388079 -0.55388079 -0.55388079  0.3911743
   2.03474836  2.03474836  1.62385484  1.12051029 -0.55388079 -0.55388079
  -0.55388079 -0.55388079 -0.55388079 -0.55388079]
 [-0.55388079 -0.55388079 -0.55388079 -0.55388079 -0.55388079 -0.55388079
  -0.55388079  0.99724223  2.01420368  2.03474836  0.97669755 -0.55388079
  -0.55388079 -0.55388079 -0.55388079 -0.55388079 -0.55388079  2.03474836
   2.01420368  2.01420368 -0.05053623 -0.55388079 -0.55388079 -0.55388079
  -0.55388079 -0.55388079 -0.55388079 -0.55388079]
 [-0.55388079 -0.55388079 -0.55388079 -0.55388079 -0.55388079 -0.55388079
  -0.55388079  0.06245948  1.71630588  2.03474836  1.60331017  0.06245948
  -0.55388079 -0.55388079 -0.55388079 -0.55388079 -0.55388079  2.03474836
   2.01420368  2.01420368 -0.05053623 -0.55388079 -0.55388079 -0.55388079
  -0.55388079 -0.55388079 -0.55388079 -0.55388079]
 [-0.55388079 -0.55388079 -0.55388079 -0.55388079 -0.55388079 -0.55388079
  -0.55388079 -0.55388079  1.52113146  2.03474836  2.01420368  1.71630588
  -0.14298727 -0.55388079 -0.55388079  0.70961677  1.52113146  2.03474836
   2.01420368  2.01420368 -0.05053623 -0.55388079 -0.55388079 -0.55388079
  -0.55388079 -0.55388079 -0.55388079 -0.55388079]
 [-0.55388079 -0.55388079 -0.55388079 -0.55388079 -0.55388079 -0.55388079
  -0.55388079  0.70961677  1.94229732  2.06556537  2.03474836  2.03474836
   2.03474836  2.05529303  2.03474836  2.03474836  2.03474836  2.05529303
   2.03474836  0.473353   -0.55388079 -0.55388079 -0.55388079 -0.55388079
  -0.55388079 -0.55388079 -0.55388079 -0.55388079]
 [-0.55388079 -0.55388079 -0.55388079 -0.55388079 -0.55388079 -0.55388079
  -0.55388079 -0.55388079  0.68907209  1.20268899  2.01420368  2.01420368
   2.01420368  2.03474836  2.01420368  2.01420368  2.01420368  2.03474836
   2.01420368  0.473353   -0.55388079 -0.55388079 -0.55388079 -0.55388079
  -0.55388079 -0.55388079 -0.55388079 -0.55388079]
 [-0.55388079 -0.55388079 -0.55388079 -0.55388079 -0.55388079 -0.55388079
  -0.55388079 -0.55388079 -0.55388079 -0.34843403  1.08969327  2.01420368
   2.01420368  2.03474836  2.01420368  2.01420368  2.01420368  2.03474836
   1.38759107 -0.14298727 -0.55388079 -0.55388079 -0.55388079 -0.55388079
  -0.55388079 -0.55388079 -0.55388079 -0.55388079]
 [-0.55388079 -0.55388079 -0.55388079 -0.55388079 -0.55388079 -0.55388079
  -0.55388079 -0.55388079 -0.55388079 -0.55388079 -0.34843403  1.19241665
   2.01420368  2.03474836  2.01420368  0.76097846 -0.05053623 -0.05053623
  -0.25598299 -0.55388079 -0.55388079 -0.55388079 -0.55388079 -0.55388079
  -0.55388079 -0.55388079 -0.55388079 -0.55388079]
 [-0.55388079 -0.55388079 -0.55388079 -0.55388079 -0.55388079 -0.55388079
  -0.55388079 -0.55388079 -0.55388079 -0.55388079 -0.55388079 -0.55388079
  -0.55388079 -0.55388079 -0.55388079 -0.55388079 -0.55388079 -0.55388079
  -0.55388079 -0.55388079 -0.55388079 -0.55388079 -0.55388079 -0.55388079
  -0.55388079 -0.55388079 -0.55388079 -0.55388079]
 [-0.55388079 -0.55388079 -0.55388079 -0.55388079 -0.55388079 -0.55388079
  -0.55388079 -0.55388079 -0.55388079 -0.55388079 -0.55388079 -0.55388079
  -0.55388079 -0.55388079 -0.55388079 -0.55388079 -0.55388079 -0.55388079
  -0.55388079 -0.55388079 -0.55388079 -0.55388079 -0.55388079 -0.55388079
  -0.55388079 -0.55388079 -0.55388079 -0.55388079]
 [-0.55388079 -0.55388079 -0.55388079 -0.55388079 -0.55388079 -0.55388079
  -0.55388079 -0.55388079 -0.55388079 -0.55388079 -0.55388079 -0.55388079
  -0.55388079 -0.55388079 -0.55388079 -0.55388079 -0.55388079 -0.55388079
  -0.55388079 -0.55388079 -0.55388079 -0.55388079 -0.55388079 -0.55388079
  -0.55388079 -0.55388079 -0.55388079 -0.55388079]]